#1 floor 1d flag
1 1 1 火星民生研究 500 500 150
2 2 0 道路规划 500 300 250
3 3 0 区域规划 500 300 350
4 4 0 排水系统规划 500 300 450
5 2 1 火星设计风格 500 500 250
6 3 1 室内设计 500 400 350
7 3 1 室外设计 500 600 350
8 2 0 防护服优化一 500 800 250
9 3 0 防护服优化二 500 800 350
10 4 0 火星旅游计划 500 800 450
#2
1 1 1 火星建设研究 500 600 150
2 2 0 扩大机器人中枢一 1000 300 250
3 3 0 扩大机器人中枢二 2000 300 350
4 4 0 扩大机器人中枢三 3000 300 450
5 2 0 算法优化一 500 600 250
6 3 0 算法：娱乐设施 1000 450 350
7 4 0 算法：火星之眼 2000 450 450
8 3 0 算法：生产设施 1000 600 350
9 4 0 算法：综合性工厂 2000 600 450
10 3 0 算法：室外公园 1000 750 350
11 4 0 算法：未来式公园 2000 750 450
12 5 0 算法：火星之傲 5000 600 550
13 2 0 算法优化二 1000 900 250
14 3 0 算法优化三 1000 900 350
#3
1 1 1 火星生产研究 500 600 150
2 2 0 高效开采一 1000 350 250
3 3 0 高效开采二 2000 350 350
4 4 0 高效开采三 3000 350 450
5 2 0 高效生产一 1000 600 250
6 3 0 高效生产二 2000 600 350
7 4 0 高效生产三 3000 600 450
8 2 0 集群式太阳能电池板 1000 850 250
9 2 0 电池板高效排列一 2000 850 350
10 2 0 电池板高效排列一 3000 850 450
#