13
18
1 基础住宅区 1 200 0 0 0 0 0 0 -20 0 0 6
2 室外公园 2 100 0 0 0 0 0 0 -5 0 0 4
3 商业中心 3 500 30 0 0 0 0 0 -10 0 0 16
4 娱乐中心 4 400 30 0 0 0 0 0 -10 0 0 16
5 水培农场 5 200 0 0 0 0 -20 50 -5 0 0 8
6 淡水合成厂 6 200 30 0 0 0 25 0 0 0 0 8
7 氧气合成堆 7 200 30 0 0 25 0 0 0 0 0 8
8 矿物开采站 8 200 0 0 0 0 0 0 -20 0 100 8
9 火力发电厂 9 200 0 0 0 0 0 0 100 -25 0 8
10 太阳能电池板 10 50 50 0 0 0 0 0 100 0 0 4
11 燃料合成堆 11 200 0 0 0 0 0 -100 20 0 0 8
12 火箭发射台 12 300 50 0 0 0 0 0 0 0 0 24
13 基础材料厂 13 200 30 50 0 0 0 0 0 0 -50 12
#14 食物合成堆 14 170 0 25 0 -10 -10 -10 -10 0 -50 12
#15 火星之眼 15 1000 100 0 0 0 0 0 0 0 0 48
#16 综合性工厂 16 1000 100 50 50 50 0 0 -50 50 -50 60
#17 未来式公园 17 500 200 0 0 0 0 0 0 0 0 60
#18 火星之傲 18 5000 1000 0 0 0 0 0 0 0 0 120
#100 火星基地 100 0 0 0 0 0 0 0 -20 0 0 12
#101 机器人中枢 101 0 0 0 0 0 0 0 -100 0 0 12
#102 自动化仓库 102 0 0 0 0 0 0 0 -100 0 0 12

id 名字 path nano rarematerial nano rarematerial oxygen water food energy fuel mineral bui_time